35 35
3 3
6 5
2 2 2 2
1 4 1
1 4 1
1 4 4 3 1
2 8 3
17
20
2 14 2
2 4 6 4 2
2 14 2
2 1 10 1 2
4 4 4 4 4
6 6 6 2 2
8 5 5 2 5
1 1 6 8 3 6
1 2 7 7 3
2 2 3 18 4
2 2 2 14 2 4
2 2 1 3 6 3 1 4
5 3 6 3 4
5 2 5 3 4
4 2 5 3 4
4 2 4 2 3
5 3 3 2 6
8 2 3 3 8
9 2 3 2 10
7 2 2 3 1 2 6
6 3 1 2 2
2 2 5 4
8 7
9 8
6 2 6 2
2 2 2 2
4 3
2 2 4
5 2 4
3 2 2 4
3 2 2 6
4 12
3 4 9
4 4 7 2
2 1 4 7 3
4 2 3 5 3 3
2 3 1 2 2 3
2 7 3 5 5
2 1 5 2 9 6
2 8 2 15
1 5 2 3 2 8
2 7 2 6 4
12 1 11 3
11 1 11
11 1 11 2
12 1 7 3
2 7 2 4 4
2 1 3 2 3 2 8
2 8 2 10 5
2 7 2 10 5
2 6 3 7 2
4 2 1 2 3 4 3
1 3 5 6 3
2 1 5 6
4 2 2 7
3 1 2 4 5
1 2 4 5
1 2 4 3
1 6 3
7 3
5 3