30 28
4
2 4
5 4 4
5 1 4 4 1
5 1 6 4 1
1 4 3 1 1 4 1
4 8 2 4
1 1 6 1 1 1
5 6 4 1
5 6 4 1
5 6 4 1
5 6 4 1
5 7 4 1
6 1 1 4 1
1 9 2 1 1
6 8 5 1
6 8 5 1 1
6 8 5 1 1
6 8 5 2 1
6 8 5 2 1
6 8 5 4
7 8 5 4
7 9 5 3
1 2 2 1 1
8 1 8
27
3 1 1 1 1 1 1 1 1 4
22
1
2 2 2
2 2 6 2
4 4 8 3
6 6 8 4
27
2 2 6 8 2 1
1 1 2 2 3 3 4
1 1 1 1 2 1 1
2 1 1 3 2 3
2 3 8 1 1 1
1 7 9 4
4 7 9 1 1
5 7 9 3
23 1 1
2 2 7 9 3
1 1 2 2 9 1 1
1 1 1 3 3 3
1 1 1 1 1 1
1 1 2 2 3
1 1 2 1 6 1 1 1
3 1 4 9 4
5 6 8 2 1
26
2 2 2 2 3 3 4
1 1 1 1 1 1 4
3 1 6 4
8 5 2
1 3 1
6