37 25
1 2 1 4
3 2 1 1 4
1 1 4 1 1 5
5 8 1 6
2 2 4 10 7
1 1 2 2 2 7 3 3 1
2 1 1 1 4 3 4 1
2 1 1 5 4 2
5 1 1 2 4 3
5 3 1 2 1 4
3 1 2 1 2 2 5
2 4 1 1 6
3 4 2 1 2 5
4 4 1 1 2 3 2
5 5 2 1 9
3 2 4 3 1 6 2
4 1 5 1 6 1 2
6 2 3 2 2 5 4
6 1 2 3 5 2 6
7 2 1 3 2 3 3
7 2 1 1 2 3
10 2 2 1 4
9 2 13
8 2 4 2 2 4
6 10 1 1 2
3 1 6
4 2 8
2 1 2 11
4 2 13
3 17
3 4 8
3 3 6
2 2 3 4
2 1 7
1 1 2 3
1 5
2 11
14 2
7 2
5 3 2
1 2 2 2 1
5 3 2 1
5 3 1 2
1 5 2 2 2
6 3 2
5 6 2 2
10 3 1
3 2 3 1
4 1 4 2
1 2 4 2
1 1 1 3 1 2
2 7 3
1 4 3 1
2 3 1 3
1 1 1 2 2 2
2 2 2 4 1 1 1
3 3 5 1 1 2
15 8
8 4 2 7
7 5 1 3 4
4 3 2 2 2 1
1 4 1 1 1