32 41
5
8
9
11
16
9 5
6 4 4
3 9
3 7
3 7
2 7
2 6
1 5
2 5
1 5 3
1 8 1
1 3 4 1 2
1 3 4 4 1 2
2 5 6 1 2
2 3 3 3 1 2
2 7 1 2
2 2 2 3 1 2
2 2 6 2 3
4 5 2 3
3 5 2 4
6 10 5
9 4 5
11 6 5
9 2 7 5
8 3 7 5
3 5 3 7 3
8 4 2 5 3 1
2 5 6 1
2 5 3 3 1
9 6 1 1
9 12 3
10 12 3
11 10 3
12 11 5
11 11 5
9 7 6
6
6 9
3 2 2 6
3 3 3 2 2 7
5 3 3 2 3 10
9 5 2 6 10
9 2 2 1 6 10
8 6 7 10
7 6 1 6 9
7 5 9 5
6 3 9 4
5 1 6 4
4 2 1 6 2
2 2 1 1
1 1 5 1
1 1 4 2
2 5 1 2 5
2 7 1 6
2 4 2 1 2 6
2 2 1 2 1 4 7
2 7 1 5 7
2 6 7 7
2 3 7 8
1 7 8
3 1 5 8
5 2 2 2 4
6 2 2 2 1
8 2 5 6 3
15 6 2 3
8 9 2 6
7 15 6
4 25