39 75
1 2 1 1 2 3 1
1 2 1 1 2 3 1
3 2 2 3 1
3 3 2 3 2
3 3 2 3 2
2 2 2 1 3 2
2 1 2 2 1 3 1
1 3 2 2 4 2
1 3 2 2 4 2
2 3 2 2 4 2
3 1 3 1 2 4 2
3 3 1 2 4 2
3 3 2 4 2
4 2 2 4 2
3 3 2 4 2
3 1 2 2 1 5 2
3 3 2 2 1 5 2
3 3 2 2 5 2
3 1 2 2 5 1
5 3 2 5 1
3 2 3 1 2 5 2
3 4 2 2 5 2
16 5 2
25 2
3 12 2
2 8 2
2 6 2
2 4 2
2 2 2
2 2 2
2 2 2
1 4
1 3
1 3
1 14 2
2 17 1
3 2 1 1 1 1 1 1 5 1
8 5 1
1 7 6 6 1
1 2 2 2 2 3 3 1
1 1 3 3 1
1 1 3 3 2
1 5 5 3 3 4
1 2 3 1 4 2 2 7 2
1 1 4 4 1 1 1 2 4 2
1 1 1 1 1 1 2 4 2
1 1 1 1 1 1 2 4 2
1 1 1 2 2 2 4 2
1 1 1 3 2 4 2
1 1 1 3 2 4 2
1 3 3 10 4 2
1 1 1 1 3 1 2 4 2
1 3 4 2 3 2
1 1 1 3 1 3 1 2 4 1
1 5 5 10 4 1
1 5 3 1 2 1 3 3 1
1 6 5 1 3 3 1
1 8 5 1 2 3 1
1 6 1 5 2 2 3 1
1 6 2 8 2 3 3
1 6 6 6 2 3 3
1 6 1 6 2 1 1 3
1 6 1 6 2 1 1 2
1 6 4 9 3 1 2 2
1 9 3 7 1 1 1 2 3
1 12 12 3 3 2
2 4 1 1 1 1 5 1 3 1 1 1 2
1 2 2 2 2 5 3 4 2 1
2 3 10 3 2 2 2 2 1
1 2 1 3 4 4 1 4 3
2 1 3 2 4 2 1 8 2
2 1 4 2 4 2 2 9 2
2 1 3 1 2 3 2 1 10 2
2 2 2 2 3 2 1 16
1 2 2 6 1 1 15 1
37 2 2
3 3 3 2
2 3 2 2 1
2 2 9 2 2
2 2 13 3 2
2 3 20 1 1
1 15 1 15 1 3
2 4 2 17 1 3
2 2 2 1 1 12 2 3
5 3 1 3 2 8
8 2 3 3 3 6
11 3 7 1 7 2 2
11 2 2 1 3 1 1 4 3 1
10 2 2 3 1 3 1 3 2 3 1
5 4 2 4 2 1 1 3 1 1 1 1 2
6 3 4 3 3 2 1 1 1 3 8
3 5 2 4 2 1 1 1 2 1 10
2 3 3 5 3 1 3 1 1 1 5
2 4 11 2 2 1 3 9 3 2
11 6 2 3 1 3 12 2
5 5 2 2 2 2 13 2 1
4 3 1 22 1
3 2 4 2 6 2 5 2 1 1 12 2 1 1
2 2 2 2 2 2 3 9 19 1 1 2
2 2 2 2 2 2 2 2 7 3 9 6 1 2
2 4 2 4 2 3 8 2 2 2 1 2 1 3
3 2 5 1 3 5 1 4
27 3 2 2 6 1 1 5
27 4 1 13 1 5
28 18 1 1 6
21 28 6
6 14 2 4 8
8 6 9 15
9 2 12 3 5
7 2 16 10
8 2 20 3 2
14 1 12 6
11 12 8 4
26 5 2